5908.52172325
12700.58899257
8525.45570755
5162.56182988
6826.98087533
10741.56186069
6320.4135454
9081.24077807
13821.71360689
22331.43531269
27398.21436403
27299.34473923
18881.44115957
16613.07123458
17078.7037596
27307.57969969
7564.89968988
15595.26745165
13426.78750889
7518.5556769
8396.82203697
8370.35625318
9358.97181211
3361.65325124
8526.81164447
8948.02467376
6144.01124571
7584.25785894
15259.58792555
9957.91006545
5167.05130706
4263.0361653
9955.03261894
15485.70215021
9193.71188764
8738.66635896
9012.09615945
4870.11556741
3895.84810538
7150.59429755
5552.68803771
8577.16249687
7237.80039095
8678.2503063
5275.7530691
15018.85335613
12760.96069746
11327.45394298
4687.25984305
7870.31583938
12553.09963424
13709.30032222
7270.6458116
8247.39381098
12133.57175867
37487.80242579
36106.96055323
18718.10158772
12265.99736052
12642.61772277
22917.43710404
20285.24655295
19389.85475767
11185.29420376
11893.4379497
7892.17866812
6683.05546715
11901.90089462
15115.5523839
19838.38994897
18468.68600043
9176.67942993
9391.35341435
12170.40823763
16048.02718406
20761.02748001
16992.78525932
18289.54217585
13787.45646718
9964.67388282
5628.16176664
9371.30644231
9040.84882621
9433.34520017
6377.95751785
5570.10914746
9614.10207519
3860.8348169
5068.6543093
5533.97118529
7917.5084772
7681.73235986
9286.86172741
6996.11722818
7556.32923024
17260.45577332
16420.57916354
15480.45524249
10144.46210884
7336.91484905
7447.24834124
4361.39069182
3417.70935664
9003.17888634
12678.9411947
15083.17326332
11080.39966131
3907.52839849
3398.41986671
8044.02134828
5883.59995275
9812.62171129
6710.30664788
5557.29144342
5106.55673687
3953.39528117
7166.67534085
4781.3350218
9303.15591906
7717.10637568
5317.3097001
1572.15542709
1799.36720121
6144.79883515
11443.53849727
10088.7236301
4555.62463429
10701.50994422
3148.50895336
3130.86103548
6059.76274364
4658.92141056
4614.34849343
4719.04668642
3755.41742244
2656.15453049
2297.72276878
5496.03749388
5078.59865576
3952.00683587
7455.91141166
4463.38202069
4148.89981496
3213.9540957
5447.96313246
28154.41355726
17435.8678913
16662.32021152
10165.85293694
6315.48953894
5366.5707177
