2152.622640299562
1603.7202494658932
3145.1013026525416
127.93865753055354
3062.620345203961
3579.846181763858
1949.4956253058713
2487.122465018118
1428.4351703033428
3199.808534516999
1550.3183460839584
1313.31027709756
61.227193353453934
844.7249268867206
1682.229671767591
1408.6931628444413
2556.6415938381383
377.0583778460842
7675.37221093109
5497.61030235213
1189.8948732332497
3604.43927626501
413.2248822461805
1115.874752296136
1096.004684627127
2650.398279539164
615.4783807002879
2505.7355516551597
304.55933896864894
4988.514518835107
3271.537873377929
1303.2082134230097
2815.5180274969753
3900.5943400424662
4335.00465681148
1526.1959115383477
76.77890358412303
1058.2232067813327
438.8142448032275
3251.2052765363446
244.71244274850778
2764.6561734024385
1976.642067081769
2096.8334217721904
5103.565595164383
317.4807677238695
79.00882116822626
2905.525348248992
2847.767129312875
2378.225782620279
968.1733803237157
10980.126844047174
204.2870222808043
9986.027667286946
853.3805058472045
1.5053914781017357
240.3470632764847
2505.037425985403
2805.8096513930323
106.9043812115259
958.599055541902
743.2340959587082
1160.7990663380604
1161.4366911870143
372.8240787520159
8920.513147300378
22.012960366246034
694.8445364829115
0.45613776063627653
2081.924303969476
851.2110005443026
179.1323518871079
1056.922486817399
3939.682162099424
311.6095085239929
142.42900894185047
1697.3233434408376
141.00834508835305
210.44979997166803
546.1144881088744
1382.1082019424541
412.8319172055806
3817.3691790402327
1298.5160409235361
920.6764807708959
61.385415599352086
2043.7994699548574
943.5683864029929
1053.1934809461002
4979.046712802663
1664.9166529620545
5621.056646806088
826.8225287969136
8808.672474967316
3564.020845685153
546.6304259921991
2839.0389212260475
60.582648101805816
6936.33056811964
2865.318867420809
2757.886204512271
5171.690304141078
3322.269254978962
2855.5230953029723
66.63979166892024
770.5582531984022
95.43233127207114
3859.034784569419
867.273481397958
1731.0170797225942
136.88131822366773
267.54743256013916
3034.296442731295
3537.915007957915
467.27323670647075
1160.8425209533132
858.9722407932711
472.070096361332
3262.155684551173
630.4152708720648
268.8982229462244
3999.8215350568917
5675.852963801722
1662.1022755793333
1704.9756357378158
1219.3551102258423
1671.434239453938
2182.5338513644733
913.8370508832107
1276.0111581197837
1323.1066722840376
9129.26274064381
5233.8747140447285
4398.24333946738
322.72990466973664
77.67348361783073
1230.1781364855822
790.7639927348082
17.9797170361272
1263.4809729173364
1382.3116301464956
6025.254370648031
198.76520215776824
645.1706043424189
2973.866412781924
201.56398679901739
1069.373371039637
2369.999749324774
12020.357836416151
2169.957098934564
694.4743842531312
11719.211431296526
297.25623291736014
400.88151662219167
294.8644053153545
2136.2605729531215
3422.567015237015
1104.3844365144182
1060.8854792942723
4055.417680743929
734.8849752406102
3460.52354224812
416.5028752392981
327.8972034482425
834.2679530988951
959.4742935130736
3207.7706076971613
233.96556477642363
2269.1512487568057
397.19662012305184
109.41949553574038
266.4669330227907
822.3267252969905
1317.0288360872291
6254.080366328177
275.474809439651
1867.407050027207
13300.312959928473
1237.0350512805987
11196.082319345114
407.03189691950996
3954.1651554076648
706.9715673131633
1859.6178862819752
2464.3192733613655
1994.2956877724089
286.6961347292602
1101.8271311746637
177.25203530315727
10.954931201858377
291.36509148246125
1936.6595201031553
759.1828602234815
133.87590615188873
824.4911008033013
223.2256325761739
397.93486347846374
8357.832630004628
687.9100666666399
4212.026115174702
488.9221155298906
4798.5022299135635
833.5650972573048
3873.591903111036
8954.870581012863
7228.812783848326
2452.5117523633585
561.565510418464
4784.726308117062
3859.575098544439
8006.198747402335
31.14676075517634
