1947.3059749997772
2304.130255976848
2434.8948101390483
2408.6070053795656
2054.9217292994877
2499.9903350467266
2334.712615858505
2550.2109973665265
2224.7293176486705
1843.0735851942864
1896.0916813815572
2126.1782970566182
2101.8148913996747
2428.265974214929
2013.0760685108687
1823.8379412530223
2275.919770050986
1954.5907528894995
2185.5744996424833
2280.118366429343
2378.7908077271295
2306.303146475517
2442.563453359611
1949.78051259757
1856.099401496302
2068.8967673973684
2657.248823413765
2229.9776057234762
2015.336672208621
2427.4594018567636
1726.4047734122153
2591.2945545633247
2675.8789119652
2091.191836987373
2390.1823002518936
2150.2686673194858
2917.4491683809056
2591.7582060357695
1983.3002143016463
2695.3343757541716
2457.321776195207
1584.5725346321362
2367.995719686947
2461.08808808971
1904.0386591247197
2262.9752067944514
2297.8661777627576
2240.9030415652683
2484.0301646310827
2503.682026840611
2810.522664612789
2715.6016969872762
2239.9742063488047
1906.8472245763928
2339.208613228678
2432.120756387596
2281.387200437345
2633.439403782125
2300.7279272230257
2444.3901452031437
2370.6167560706417
2191.826743745384
2699.4447251289403
2681.9269459459897
2695.6766664671663
2224.75962043295
2445.159332321871
1841.5304078530683
2340.142702683201
2812.090107182694
2413.9623684227936
2604.435752835996
2130.2571944770193
2349.1101018111267
2241.541443899211
2117.874456250462
2414.670227054427
2306.4628351338133
2541.0667994008018
1985.2953659762363
2096.2090246914063
2576.8771618729074
1691.0284236780617
2717.5417885588504
1882.679875982463
1989.3696010141812
2370.1574606787267
2060.727326860123
2252.128707871477
1788.3484136546747
2137.405647258459
1789.1258949767505
2204.0755943032227
2395.2380584490134
2291.9834644099487
2379.7591713049933
1892.616646084808
2070.806717817189
2026.9096491745277
2059.516759425798
2124.759555553562
1919.0719142741511
2380.1331059920767
2033.0784609402142
2084.6458616481445
2323.1103306370574
3134.5649981904867
2402.146534618328
2805.5701831882493
2437.7397253564204
3049.775990061958
2418.6286481066695
2503.5605351858694
2213.152530133303
2184.096233739783
2032.0855138103568
2314.035070712565
1949.1317344114211
2396.0136107353524
2334.740032976339
1909.0212380855423
2269.4413670721824
2820.8547836348935
2341.4665977100244
2503.1676871407244
2348.8984031950945
2502.604192461927
2908.7913819378314
1979.5166713922836
1811.6278000743548
1767.7752105454756
2405.370310056258
3049.7987580629638
2441.200054094703
2436.7765246053223
2101.0884730288913
2251.940238018267
2226.885497287043
2431.9062075281727
1855.1454693009662
2122.8865602819114
2584.529510891144
2060.5174774029924
1992.3477678745826
2474.6938585816065
1649.1770842037915
2249.7161919284367
2914.5526843856433
2154.755611365593
2454.0434570332095
2407.27143650716
2379.478409362841
1993.473888704607
2156.9029875866017
1904.1031180971954
2256.5321752486534
2138.1968594461437
1950.2927619708173
2581.7462380543293
2352.863155912649
2249.1793910220777
1899.5174395983202
2567.574816340726
1928.1819469523036
2528.2016660445074
2355.957970164144
2292.1093560065606
2063.278250974399
2336.0376762552
2454.916910583178
1818.2863128416318
2747.9789237765854
2414.5510508824887
2598.0243393931028
2436.782635286611
2321.339244045946
2446.485382952144
2043.95713016878
2356.554151621052
2193.352813424586
2428.4836239876868
1838.7450570514384
2002.9593138423393
2367.409204285919
1736.887825721012
1825.5661302007059
2564.9792439726803
1798.7048105272622
2123.734423240628
2028.5747246590827
2125.7911487701995
1869.2733276519004
2343.8164102562955
2011.9453600774714
2460.3960321645427
2020.461340723502
2088.357262432324
2132.9046396163476
2443.27234572328
2263.480749831689
3143.100780698231
2341.746022530194
2411.0238610911347
2477.7279882195057
1952.2033848900164
2331.2620383250837
2483.2788031726077
2408.2705031205433
2255.7729090879498
2236.365944422811
2260.106789082386
2374.478913772447
